0.3276700622632156001 0
0.0973299377367844443 1
0.1151700622632156890 2
0.0089200622632155113 3
0.0442049377367845775 4
0.0176424377367845331 5
0.0043611877367843999 6
0.0022794372632155557 7
0.0010408752367843110 8
0.0006192810132155113 9
0.0002107971117843999 10
0.0002042419507155557 11
0.0000032775805343110 12
0.0001004821850905113 13
0.0000486023022781001 14
0.0000226623608718945 15
0.0000096923901689028 16
0.0000032074048172959 17
0.0000000350878586186 18
0.0000015861584794497 19
0.0000007755353104155 20
0.0000003702237258985 21
0.0000001675679335289 22
0.0000000662400374551 23
0.0000000155760895293 24
0.0000000097558845447 25
0.0000000029101026033 26
0.0000000034228910817 27
0.0000000002563942392 28
0.0000000013268541821 29
0.0000000005352298604 30
0.0000000001394178106 31
0.0000000000584881032 32
0.0000000000404647427 33
0.0000000000090116803 34
0.0000000000157265312 35
0.0000000000033575365 36
0.0000000000028270719 37
0.0000000000002653433 38
0.0000000000012809753 39
0.0000000000005078160 40
0.0000000000001212364 41
0.0000000000000721645 42
0.0000000000000246470 43
0.0000000000000237588 44
0.0000000000000004441 45
0.0000000000000117684 46
0.0000000000000055511 47
0.0000000000000024425 48
0.0000000000000011102 49
0.0000000000000002220 50
