0.0000000000000002220 1.000000e-15
0.0000000000000055511 1.000000e-14
0.0000000000000246470 1.000000e-13
0.0000000000005078160 1.000000e-12
0.0000000000028270719 1.000000e-11
0.0000000000404647427 1.000000e-10
0.0000000005352298604 1.000000e-09
0.0000000034228910817 1.000000e-08
0.0000000155760895293 1.000000e-07
0.0000007755353104155 1.000000e-06
0.0000032074048172959 1.000000e-05
0.0000486023022781001 1.000000e-04
0.0002107971117843999 1.000000e-03
0.0022794372632155557 1.000000e-02
0.0442049377367845775 1.000000e-01


