0.00000000000000038858 1.000000e-15
0.00000000000000854872 1.000000e-14
0.00000000000007910339 1.000000e-13
0.00000000000072652995 1.000000e-12
0.00000000000666727784 1.000000e-11
0.00000000006117739648 1.000000e-10
0.00000000056134447091 1.000000e-09
0.00000000515071318929 1.000000e-08
0.00000004726125074628 1.000000e-07
0.00000043365348678659 1.000000e-06
0.00000397904275128980 1.000000e-05
0.00003650877194782964 1.000000e-04
0.00033485651297321395 1.000000e-03
0.00306122958140081503 1.000000e-02
0.02723792176640804641 1.000000e-01


