0.0179491924311228068 0
0.1070508075688771932 1
0.0445508075688771932 2
0.0133008075688771932 3
0.0023241924311228068 4
0.0054883075688771932 5
0.0015820575688771932 6
0.0003710674311228068 7
0.0006054950688771932 8
0.0001172138188771932 9
0.0001269268061228068 10
0.0000048564936228068 11
0.0000561786626271932 12
0.0000256610845021932 13
0.0000104022954396932 14
0.0000027729009084432 15
0.0000010417963571818 16
0.0000008655522756307 17
0.0000000881220407756 18
0.0000003887151174276 19
0.0000001502965383260 20
0.0000000310872487752 21
0.0000000285173960002 22
0.0000000012849263875 23
0.0000000136162348063 24
0.0000000061656542094 25
0.0000000024403639109 26
0.0000000005777187617 27
0.0000000003536038129 28
0.0000000001120574744 29
0.0000000001207731692 30
0.0000000000043578474 31
0.0000000000538498135 32
0.0000000000247459830 33
0.0000000000101940678 34
0.0000000000029181102 35
0.0000000000007198686 36
0.0000000000010991208 37
0.0000000000001896261 38
0.0000000000002651213 39
0.0000000000000377476 40
0.0000000000000759393 41
0.0000000000000190958 42
0.0000000000000093259 43
0.0000000000000048850 44
0.0000000000000022204 45
0.0000000000000013323 46
0.0000000000000004441 47
0.0000000000000004441 48
