0.0272379217664080464 0
0.0094343012001960047 1
0.0030612295814008150 2
0.0010161973166429306 3
0.0003348565129732139 4
0.0001106122414969990 5
0.0000365087719478296 6
0.0000120533292145564 7
0.0000039790427512898 8
0.0000013135989909707 9
0.0000004336534867866 10
0.0000001431608454561 11
0.0000000472612507463 12
0.0000000156022172959 13
0.0000000051507131893 14
0.0000000017003897179 15
0.0000000005613444709 16
0.0000000001853150966 17
0.0000000000611773965 18
0.0000000000201964556 19
0.0000000000066672778 20
0.0000000000022011837 21
0.0000000000007265299 22
0.0000000000002399747 23
0.0000000000000791034 24
0.0000000000000262568 25
0.0000000000000085487 26
0.0000000000000029421 27
0.0000000000000008327 28
0.0000000000000003886 29

