0.1464965416762746830 0
0.0304401668288150073 1
0.0061134210385846988 2
0.0012191573463349314 3
0.0002427843752739189 4
0.0000483347174256021 5
0.0000096221746519465 6
0.0000019155012054295 7
0.0000003813209417114 8
0.0000000759099474390 9
0.0000000151114689650 10
0.0000000030082552005 11
0.0000000005988562979 12
0.0000000001192148602 13
0.0000000000237321274 14
0.0000000000047244431 15
0.0000000000009403589 16
0.0000000000001871836 17
0.0000000000000370814 18
0.0000000000000073275 19
0.0000000000000015543 20
0.0000000000000002220 21
