0.00000000035360381290 1.000000e-09
0.00000000616565420941 1.000000e-08
0.00000002851739600018 1.000000e-07
0.00000008812204077557 1.000000e-06
0.00000277290090844318 1.000000e-05
0.00005617866262719318 1.000000e-04
0.00060549506887719318 1.000000e-03
0.00548830756887719318 1.000000e-02
0.04455080756887719318 1.000000e-01
0.01794919243112280682 1.000000e+00
0.01794919243112280682 1.000000e+01
0.01794919243112280682 1.000000e+02
0.01794919243112280682 1.000000e+03
0.01794919243112280682 1.000000e+04
0.01794919243112280682 1.000000e+05


