0.00000000000000155431 1.000000e-15
0.00000000000000732747 1.000000e-14
0.00000000000003708145 1.000000e-13
0.00000000000094035890 1.000000e-12
0.00000000000472444306 1.000000e-11
0.00000000011921486021 1.000000e-10
0.00000000059885629788 1.000000e-09
0.00000001511146896505 1.000000e-08
0.00000007590994743900 1.000000e-07
0.00000038132094171139 1.000000e-06
0.00000962217465194648 1.000000e-05
0.00004833471742560214 1.000000e-04
0.00121915734633493145 1.000000e-03
0.00611342103858469876 1.000000e-02
0.14649654167627468304 1.000000e-01


